27
0 1 75 69 58 56 
63 38 59 61 50 53 
1 82 64 70 61 58 
37 10 58 54 48 49 
0 42 71 74 50 63 
24 29 68 62 45 54 
23 10 68 64 58 60 
36 66 66 61 57 48 
23 49 74 68 40 53 
60 59 61 62 54 47 
10 71 58 73 48 58 
47 50 63 59 46 46 
59 35 65 65 51 47 
47 85 67 59 72 51 
59 96 66 71 67 53 
33 49 73 72 47 59 
57 8 58 60 50 59 
19 52 65 68 50 56 
81 40 74 55 58 66 
19 81 60 74 51 67 
68 18 71 56 56 67 
68 59 67 58 66 54 
93 59 74 61 55 77 
92 18 65 49 73 60 
67 36 63 51 54 64 
2 2 68 69 60 57 
39 94 76 61 63 54 
