10 10
4291507200 4288634880 4289352960 4289548800 4287198720 4284326400 4284130560 4285044480 4288373760 4286480640 
4288634880 4288830720 4287459840 4289352960 4287198720 4287459840 4286741760 4285762560 4287916800 4289091840 
4287916800 4288830720 4289352960 4287459840 4288177920 4285044480 4286023680 4286480640 4286219520 4289091840 
4288177920 4289548800 4286937600 4287916800 4288177920 4288373760 4287198720 4287916800 4288373760 4287916800 
4289548800 4290528000 4287459840 4286937600 4287916800 4286480640 4287198720 4286480640 4286937600 4288373760 
4288373760 4288634880 4290528000 4288634880 4290789120 4287198720 4286480640 4286480640 4287655680 4288634880 
4289352960 4290266880 4293139200 4288830720 4290984960 4287655680 4288373760 4290071040 4288373760 4288634880 
4290071040 4291507200 4291703040 4290071040 4290984960 4287198720 4288830720 4289548800 4288177920 4287198720 
4291507200 4288634880 4292421120 4290266880 4289352960 4288177920 4289091840 4287459840 4288177920 4288373760 
4290266880 4289809920 4290266880 4290528000 4288830720 4287916800 4289548800 4289548800 4287459840 4288373760 
10 10
4291507200 4292160000 4291246080 4291964160 4292421120 4291507200 4290984960 4289809920 4290984960 4290984960 
4290984960 4290789120 4289091840 4294575360 4292682240 4291703040 4289352960 4291246080 4290789120 4291246080 
4291507200 4290071040 4290266880 4292878080 4290984960 4291703040 4289809920 4290266880 4290266880 4291964160 
4291703040 4291246080 4289548800 4287655680 4292160000 4291703040 4292160000 4291246080 4292160000 4290071040 
4291507200 4290528000 4287916800 4287198720 4288634880 4289548800 4290071040 4290984960 4290984960 4289548800 
4291246080 4290071040 4292160000 4289352960 4289548800 4291507200 4290984960 4291703040 4291507200 4290528000 
4292878080 4290528000 4290528000 4290789120 4291246080 4291964160 4289809920 4289809920 4291246080 4290528000 
4291507200 4293596160 4290789120 4290528000 4289548800 4291507200 4289548800 4291507200 4291246080 4290528000 
4293139200 4291507200 4289352960 4290528000 4289352960 4290789120 4290789120 4290266880 4290789120 4291703040 
4291964160 4292160000 4290789120 4290984960 4290789120 4291703040 4292160000 4291507200 4291246080 4292160000 
