10 10
4287982080 4287982080 4287264000 4285827840 4286284800 4283934720 4284195840 4286545920 4286807040 4287982080 
4287720960 4286807040 4287002880 4285370880 4283934720 4284913920 4285109760 4284391680 4287264000 4285827840 
4287982080 4288896000 4286807040 4286545920 4287982080 4284913920 4285109760 4285109760 4288243200 4287002880 
4289418240 4287982080 4287982080 4285827840 4287264000 4286088960 4284652800 4285370880 4285109760 4287002880 
4288439040 4288243200 4285566720 4285566720 4287982080 4285827840 4284652800 4284913920 4285109760 4286088960 
4289418240 4288700160 4289614080 4287982080 4286284800 4286088960 4285109760 4285370880 4286088960 4285370880 
4287264000 4288896000 4291768320 4289875200 4288700160 4287002880 4284913920 4286088960 4287720960 4287720960 
4289157120 4290593280 4289157120 4288439040 4289614080 4286088960 4285370880 4285109760 4287720960 4285566720 
4289875200 4289614080 4288896000 4287720960 4288896000 4287002880 4286807040 4285827840 4286545920 4286088960 
4291572480 4290332160 4289875200 4290136320 4290854400 4287982080 4286088960 4286088960 4287002880 4287720960 
10 10
4291572480 4289157120 4288896000 4292029440 4291768320 4291768320 4290854400 4290593280 4290854400 4293465600 
4291050240 4289418240 4288439040 4288243200 4289875200 4291311360 4291768320 4292747520 4291311360 4291572480 
4287525120 4287982080 4287982080 4287982080 4290593280 4289418240 4290593280 4290593280 4288243200 4290593280 
4288896000 4287002880 4286807040 4287002880 4289157120 4290854400 4291311360 4292486400 4291050240 4292486400 
4286088960 4289614080 4284195840 4284652800 4286284800 4288439040 4291768320 4288439040 4288896000 4292486400 
4290332160 4289157120 4288700160 4284195840 4288243200 4288896000 4287525120 4287002880 4287264000 4288439040 
4286807040 4286088960 4287264000 4285566720 4286545920 4284913920 4288700160 4286088960 4291572480 4290854400 
4287982080 4290136320 4291768320 4287720960 4284195840 4290136320 4290593280 4289614080 4290136320 4290136320 
4292225280 4290136320 4291572480 4287525120 4287720960 4289157120 4291572480 4290332160 4289875200 4291050240 
4291050240 4291572480 4292225280 4289614080 4289418240 4290332160 4285566720 4289418240 4292486400 4292943360 
