10 10
4290136320 4288896000 4290854400 4288439040 4287002880 4285370880 4283934720 4283216640 4283477760 4285566720 
4289418240 4287720960 4288243200 4289157120 4287264000 4285566720 4284652800 4282759680 4287002880 4288243200 
4289875200 4288439040 4287720960 4287525120 4284913920 4283934720 4284652800 4284652800 4284652800 4285827840 
4291050240 4288243200 4287002880 4286807040 4285566720 4284195840 4283673600 4284913920 4284195840 4286284800 
4290136320 4287264000 4287002880 4286088960 4285566720 4284391680 4283934720 4284652800 4284652800 4284913920 
4290136320 4287525120 4289614080 4287002880 4287525120 4284913920 4284195840 4285370880 4285109760 4285827840 
4287264000 4288896000 4291768320 4287720960 4284913920 4285370880 4284913920 4284652800 4285109760 4285109760 
4287982080 4291311360 4287720960 4285827840 4285370880 4284652800 4285827840 4285370880 4285566720 4285109760 
4288896000 4288896000 4290854400 4286088960 4285370880 4287720960 4285370880 4286284800 4285370880 4285827840 
0 0 0 0 0 0 0 0 0 0 
10 10
4292486400 4288896000 4294183680 4290332160 4292747520 4292225280 4290593280 4289418240 4292029440 4291050240 
4293465600 4290854400 4290332160 4290593280 4293465600 4291050240 4289614080 4290593280 4290136320 4291311360 
4291768320 4291768320 4291311360 4291311360 4290854400 4291572480 4291050240 4291050240 4289614080 4292943360 
4290854400 4289875200 4286545920 4285109760 4292029440 4289875200 4289875200 4290332160 4289614080 4289614080 
4289614080 4288439040 4290854400 4288243200 4289418240 4292225280 4291311360 4289418240 4290854400 4291572480 
4289418240 4289875200 4287002880 4287525120 4292225280 4290593280 4290593280 4291768320 4292486400 4291768320 
4289875200 4286545920 4288439040 4288439040 4289418240 4290854400 4290593280 4291311360 4290593280 4292943360 
4288700160 4288896000 4287720960 4291572480 4290593280 4291311360 4290332160 4291572480 4291050240 4291768320 
4289875200 4285827840 4288439040 4290332160 4290332160 4290136320 4290136320 4293465600 4292225280 4291050240 
0 0 0 0 0 0 0 0 0 0 
10 10
4292747520 4291768320 4289157120 4287525120 4286088960 4288439040 4289157120 4291572480 4294901760 4289875200 
4291768320 4288700160 4288439040 4288439040 4286284800 4289875200 4292225280 4290854400 4292486400 4290593280 
4289157120 4287982080 4288700160 4289157120 4286545920 4287982080 4289418240 4290136320 4289418240 4291311360 
4287982080 4289418240 4288439040 4287264000 4288439040 4288700160 4290332160 4289614080 4290593280 4291768320 
4288700160 4288896000 4286284800 4289157120 4287982080 4288243200 4289614080 4290854400 4290593280 4293204480 
4288439040 4290593280 4290136320 4288439040 4290136320 4287982080 4291768320 4290593280 4290854400 4290854400 
4289157120 4289418240 4290593280 4288439040 4288439040 4288896000 4289418240 4290136320 4290593280 4291311360 
4290854400 4289418240 4289875200 4288243200 4287720960 4288896000 4290136320 4289875200 4290854400 4291768320 
4292486400 4287720960 4291311360 4287720960 4289157120 4288896000 4289157120 4291572480 4290593280 4290332160 
0 0 0 0 0 0 0 0 0 0 
