10 10
4291311360 4289614080 4288896000 4286088960 4286545920 4285827840 4282759680 4281323520 4282759680 4285109760 
4288243200 4287002880 4288439040 4287002880 4285827840 4284391680 4283673600 4282955520 4284652800 4283934720 
4287720960 4287002880 4287982080 4286545920 4287720960 4287002880 4283477760 4282759680 4285827840 4284391680 
4287982080 4289875200 4285566720 4289614080 4287982080 4285109760 4283934720 4284913920 4285109760 4285566720 
4290593280 4288243200 4290854400 4286284800 4285109760 4285566720 4284913920 4284195840 4287982080 4287002880 
4288439040 4290136320 4289418240 4285109760 4286807040 4285566720 4284652800 4285370880 4284913920 4287720960 
4287002880 4288439040 4288243200 4289614080 4285566720 4286284800 4285109760 4285370880 4286807040 4285827840 
0 0 0 0 0 0 0 0 0 0 
0 0 0 0 0 0 0 0 0 0 
0 0 0 0 0 0 0 0 0 0 
10 10
4288896000 4289418240 4288439040 4287720960 4286284800 4287720960 4287264000 4287982080 4288243200 4288243200 
4287720960 4288896000 4287264000 4288439040 4286545920 4288896000 4286284800 4287002880 4287982080 4287982080 
4286807040 4286545920 4289875200 4287720960 4288439040 4285109760 4285827840 4286807040 4286088960 4289418240 
4288243200 4285370880 4286284800 4287525120 4289157120 4285827840 4287002880 4286284800 4285827840 4286284800 
4285827840 4285566720 4283934720 4288243200 4288243200 4289157120 4289614080 4285566720 4286284800 4288243200 
4286545920 4283477760 4281780480 4284652800 4284195840 4286545920 4286088960 4286284800 4286088960 4286088960 
4283477760 4282955520 4282041600 4283673600 4288243200 4286088960 4287982080 4288243200 4288896000 4287002880 
0 0 0 0 0 0 0 0 0 0 
0 0 0 0 0 0 0 0 0 0 
0 0 0 0 0 0 0 0 0 0 
10 10
4287264000 4287002880 4284652800 4284391680 4283934720 4285370880 4288243200 4289418240 4292225280 4291311360 
4286545920 4286284800 4284913920 4284913920 4284652800 4285566720 4287264000 4288439040 4287982080 4290332160 
4286545920 4286088960 4285827840 4285109760 4284391680 4285370880 4288243200 4287720960 4288243200 4289157120 
4286545920 4286807040 4287525120 4284913920 4284652800 4285370880 4287264000 4287720960 4287525120 4288896000 
4287264000 4287720960 4287525120 4285109760 4284913920 4285370880 4287264000 4287525120 4286545920 4289157120 
4287525120 4287264000 4289418240 4286088960 4285827840 4286284800 4286088960 4286807040 4288896000 4287982080 
4286088960 4288439040 4287720960 4286545920 4286088960 4285109760 4286807040 4287264000 4288243200 4287002880 
0 0 0 0 0 0 0 0 0 0 
0 0 0 0 0 0 0 0 0 0 
0 0 0 0 0 0 0 0 0 0 
