10 10
4291050240 4291572480 4291311360 4288896000 4290854400 4287982080 4289157120 4291768320 4286088960 4292747520 
4294640640 4288439040 4292747520 4291311360 4291050240 4291050240 4288700160 4290332160 4289157120 4293922560 
4290593280 4290332160 4291050240 4292747520 4292486400 4287982080 4289875200 4289614080 4289418240 4293465600 
4291050240 4290593280 4289614080 4287525120 4290136320 4290593280 4291050240 4290136320 4289157120 4292225280 
4293204480 4290854400 4289614080 4287525120 4289875200 4288439040 4288896000 4291311360 4290136320 4289875200 
4288439040 4289418240 4288243200 4288439040 4288896000 4292029440 4288243200 4292486400 4290136320 4290136320 
4288896000 4288700160 4285566720 4286807040 4289614080 4289875200 4290854400 4291050240 4290332160 4290593280 
4287264000 4287264000 4285109760 4288700160 4289875200 4291050240 4288700160 4290854400 4289614080 4292225280 
4288700160 4285827840 4287002880 4287720960 4288896000 4289875200 4288700160 4293661440 4291572480 4290332160 
4288243200 4288243200 4292486400 4284391680 4289418240 4289418240 4288896000 4290854400 4291768320 4292029440 
10 10
4290332160 4289157120 4288243200 4287720960 4287720960 4287720960 4285566720 4284652800 4287002880 4287525120 
4287264000 4288243200 4286545920 4287002880 4285109760 4286088960 4285109760 4284652800 4286545920 4286545920 
4287525120 4287002880 4286088960 4286088960 4284913920 4283673600 4283673600 4283934720 4284391680 4286545920 
4287525120 4286807040 4286088960 4285827840 4285827840 4286284800 4284195840 4287002880 4286807040 4286807040 
4287002880 4287002880 4287002880 4285370880 4286284800 4286545920 4284391680 4287002880 4286284800 4287525120 
4287720960 4287982080 4289418240 4287525120 4286545920 4287720960 4287002880 4285109760 4287525120 4287002880 
4289614080 4287982080 4288700160 4287002880 4285566720 4287002880 4287264000 4286284800 4286545920 4287982080 
4289157120 4288243200 4292225280 4287982080 4286088960 4287264000 4285827840 4287525120 4285566720 4287002880 
4289875200 4290332160 4288896000 4287525120 4286088960 4288700160 4287002880 4287002880 4286284800 4286807040 
4288896000 4289614080 4289418240 4287002880 4287525120 4288700160 4288700160 4289418240 4287982080 4285827840 
